718.8802343511221 5516.393965257707 7772.465594137369 5524.400034867455 10 0 
724.5600703104905 5505.717965987669 7768.0007166714695 5528.63995436672 20 0 
731.9048703037521 5497.330074172925 7759.800210408214 5529.000159792103 30 0 
736.2090515491228 5485.448867852925 7753.160929655976 5527.74840892488 40 0 
743.6404575648415 5474.361941484512 7744.716569165959 5530.232101099491 50 0
753.9795172728893 5467.638708799926 7736.275792213155 5530.826157136589 60 0
763.1922121229436 5457.5827514925595 7730.036684904169 5530.036356192519 70 0 
770.5226737896172 5446.063985525504 7726.442471251545 5532.091704605688 80 0 
774.4656396792225 5436.8303042718 7717.527672339564 5535.148040108885 90 0 
785.320921982315 5427.40442398298 7710.134271089555 5534.65515054404 100 0

